   42.2633 1    41.9921 0    2690.38 1
   42.8559 0    42.2053 1      32794 1
   43.8535 1    43.3012 1    44354.6 1
   43.4365 1    43.1969 1    25808.1 1
   43.2216 1    42.6216 1     6561.4 1
   43.6518 1    43.0747 1    39735.6 1
    43.109 1    42.7135 0    2369.52 1
   42.8798 1    42.6095 1    23745.8 1
   42.7132 0    42.4412 0    43471.9 1
   42.9683 1    42.7168 1    32797.3 1
   43.4166 0    42.9049 0    16581.6 1
   44.2591 1    43.7015 1      16328 1
   43.1101 0    42.5997 0    35085.4 1
   42.9014 0    42.3521 0    29930.4 1
   43.5373 1    42.9153 1    10886.8 1
   43.7153 1    43.1731 1    25163.2 1
   42.4386 0    42.7593 0    15004.6 1
   42.9639 0    42.4987 1    27593.9 1
   42.7737 1    42.1586 0    27128.1 1
   42.9966 1    42.6228 1    12525.7 1
    42.728 0    43.3119 0    3888.31 1
   43.3012 1    42.6659 1    4311.09 1
   43.0294 1    42.6219 1    9561.92 1
   43.3225 1    42.7345 1    12.7449 1
   42.6669 0    42.6937 0    13999.8 1
   43.1306 1    42.7986 1    20995.6 1
   42.7262 1    42.3251 1    12508.8 1
   43.8122 1    43.2532 1    37934.1 1
   43.9577 1     43.307 1    42143.9 1
   42.5755 1     42.481 1    10881.2 1
   43.4062 1    42.8413 1    16565.5 1
   43.4898 1    43.3466 1       5773 1
   43.3834 1    42.9473 1        484 1
   42.9811 1    42.4537 1    6177.67 1
   42.6127 1    41.8735 1    3304.38 1
   43.2242 0    42.8959 1    32009.8 1
   43.3377 1    42.8862 1    1555.36 1
   43.5207 1    43.2413 1    5452.24 1
   43.6909 1    43.4781 1    37102.6 1
   43.9298 1    43.4938 1      45892 1
   44.2044 1    43.6973 1    45583.4 1
   43.7927 1    43.2778 1    12495.9 1
   42.9813 0    43.4232 0      21703 1
   43.7003 1    43.3684 1    12129.6 1
   43.2427 1    42.9421 1    15504.5 1
   42.6884 1    42.1009 1     2880.1 1
   42.2031 1     41.494 1    4990.86 1
   43.1317 1    42.7965 1    9548.06 1
   43.5598 1    43.2618 1    10856.2 1
   43.5148 1    43.2713 1    11931.5 1
   43.9279 1    43.4063 1    22736.8 1
   43.3867 1    43.0909 1    13353.4 1
   44.1827 1    43.5373 1    13195.3 1
   43.5656 1     43.168 1    34597.2 1
   42.5789 0    42.1946 0    14738.9 1
   43.5312 1    42.8481 1    4987.14 1
   43.3944 1    42.8503 1    9024.14 1
   43.6393 1    42.9837 1    7580.47 1
    43.375 1    43.0668 1    2668.71 1
   43.5292 1    42.9166 1    5404.96 1
   42.6763 1    42.3125 1     650.25 1
   43.7486 1    43.6212 1    4972.27 1
   43.0574 1    42.6825 1    5379.15 1
   43.2897 1    42.8824 1    2403.58 1
   43.1177 1    42.4233 0    3673.06 1
    43.684 1    43.1516 1    26520.5 1
   43.6799 1    43.1006 1    16282.3 1
   44.0727 1    43.4556 1    44872.4 1
   43.5731 1    43.1464 1    26074.6 1
   43.1624 1    42.8895 1      19789 1
   43.6776 1    42.9775 1    14967.4 1
   43.1368 1     42.783 1    57.9121 1
   43.8854 1     43.542 1    5569.04 1
   42.4044 1    42.0303 1    3075.43 1
    43.253 1    42.8749 1    7293.53 1
   43.4204 1    42.8623 1     6683.3 1
    43.537 1    43.2437 1    13195.3 1
   43.7276 1     43.345 1    9789.42 1
   42.4712 0    42.0062 1    6722.26 1
   42.8077 1    42.5353 1       5281 1
   43.6008 1    42.9397 1    5147.16 1
   42.1572 1    41.4177 1    1338.22 1
   43.2461 1    42.6624 1    17139.6 1
   44.0016 1    43.3847 1    10737.2 1
   43.4121 1     42.943 1      11883 1
   43.9428 1    43.4753 1    22909.7 1
   43.9298 1    43.3152 1    3620.23 1
   43.4132 1    42.7615 1    4627.59 1
   43.7259 1     43.101 1    12779.1 1
   43.0011 1    42.8438 1    8619.42 1
   43.2589 1    42.9432 1    25460.7 1
   43.9703 1    43.5988 1    21756.1 1
   42.8459 1    42.2531 1    3410.75 1
   43.0945 1    42.4139 1    2293.79 1
   43.4105 1    42.7686 1    11163.7 1
   43.2896 1    42.6238 1    3422.25 1
   42.9776 1    42.5063 1    4242.31 1
   42.7389 1    42.1338 1    20680.1 1
   43.5264 1    43.1677 1    36293.1 1
   42.5321 0    42.2202 0    24593.3 1
   41.8301 1    41.4313 1     376.36 1
   43.1857 1    42.7539 1    3924.98 1
   43.0761 1     42.661 1    2228.76 1
   42.5661 1    42.3727 1    3462.01 1
   44.1999 1    43.6535 1        324 1
   43.1733 1    42.5806 1    1267.36 1
    42.684 1    42.4729 1     566.44 1
    43.435 1    42.8191 1     998.56 1
   43.3698 1    42.9693 1    3955.76 1
   44.1669 1    43.6553 1     665.64 1
   42.9771 1    42.5734 1    1056.25 1
   43.5248 1    42.8983 1    2124.36 1
   43.3959 1    43.0361 1    2925.72 1
   43.3562 1    43.0201 1    5784.37 1
   43.0529 1    42.6492 1       1600 1
   42.3752 1    42.0123 1     190.44 1
    43.302 1    42.7489 1     992.25 1
    43.072 1    42.5069 1     282.24 1
   43.4372 1    43.0203 1     2601.1 1
   43.4995 1    43.4271 1    2005.71 1
   42.2415 1    42.1899 1        196 1
   43.1716 1     42.949 1    12041.6 1
   43.5868 1    43.2865 1     342.25 1
   43.8279 1    43.1837 1    7218.38 1
   43.5534 1    43.0189 1    8977.12 1
   43.0507 1     42.742 1    10026.8 1
   41.6351 1    41.1106 1     272.25 1
   43.1977 1    42.8449 1     954.81 1
   42.8438 1    42.2737 1     470.89 1
   43.8757 1     43.378 1     5368.2 1
    44.021 1    43.5962 1    11841.4 1
   43.2783 1    42.8224 1     615.04 1
   43.7495 1    43.3474 1    1892.25 1
   44.1671 1    43.6336 1    12097.3 1
   43.6597 1     43.153 1     243.36 1
   44.7154 1    44.0219 1    11409.1 1
   43.2324 1    42.8563 1     171.61 1
   43.8193 1     43.195 1    13401.8 1
   43.5161 1    43.0057 1    1149.21 1
   43.7635 1    43.3828 1     992.25 1
   43.7838 1    43.1815 1     349.69 1
   44.0493 1    43.3879 1    5531.06 1
   42.6046 1    42.6096 1    3465.61 1
   43.5366 1    43.4091 1    44821.8 1
    42.912 0    42.6295 0    48191.7 1
   43.4837 1    43.0111 1    5080.59 1
   43.3307 1    43.2328 1    4698.28 1
   43.5581 1     43.016 1    8025.12 1
   43.9177 1    43.3334 1    11905.3 1
   43.7116 1    43.1513 1    25896.7 1
   43.5263 1      43.04 1    16290.3 1
   43.5397 1    43.3629 1    33132.7 1
   43.5716 1    43.3174 1    15304.8 1
   43.6538 1    43.3145 1    5435.38 1
    43.143 1    42.6691 1    5732.97 1
   44.1315 1    43.4546 1    33343.4 1
   43.0206 0    43.2328 0    6108.67 1
