   43.1048 1    42.5753 0    37934.1 1
   43.4545 1    42.6683 0    16119.5 1
   43.6688 1    42.9703 0    26551.4 1
   43.7136 1    42.5436 1    23602.8 1
   42.2966 0    41.6403 0    4805.95 1
   42.9966 0    42.8672 0      22147 1
    43.037 0    42.5534 0    43090.3 1
   42.8935 0    42.2159 0    26761.2 1
   43.1245 0    42.7976 0      29586 1
   43.2082 1    42.3295 0    26551.4 1
   43.2035 1     42.114 1    20930.4 1
   43.8084 1    42.6456 1    14626.4 1
   42.8117 1    41.6413 1      10081 1
   43.1814 1    42.4845 1    34109.2 1
   41.6959 0    41.4016 0    2789.95 1
   42.4979 0    41.9138 0    10458.6 1
   43.0924 0    42.5384 0    42521.1 1
     44.14 1    42.9834 1    39022.3 1
   42.7523 0    42.5179 0    18474.2 1
    43.441 1    42.5623 0    34463.5 1
     43.34 1    42.1494 1    1959.21 1
   43.1707 1    42.4726 1    31197.1 1
   43.6218 1    42.6755 1    26727.1 1
   43.3584 1    42.7783 1    41054.6 1
   43.8533 1    43.0039 1    21009.9 1
   43.4576 1    42.5069 1    28837.3 1
   42.5017 0    42.1969 0    17245.3 1
   43.7368 1    42.8062 1    20624.5 1
   43.1151 0    42.4803 1    32539.2 1
   42.5203 0    41.9778 0      11114 1
   42.1237 0    41.6625 0    8425.93 1
   43.0467 1    41.9927 1    8654.77 1
   42.9563 1    42.0891 1    14872.5 1
   43.0429 1    42.0487 1    11714.9 1
   43.2513 0    42.8102 0    44711.1 1
   42.9294 0    42.2353 1    14590.8 1
   43.8961 1    42.9122 1    26712.4 1
   43.0015 0    42.1561 0      40653 1
   44.1743 1    43.2725 1    31967.6 1
   43.8554 1    42.6989 1     4230.9 1
   43.0979 1    41.9512 1    2895.58 1
   43.5849 1    42.6932 1    11860.7 1
    43.628 1    42.6903 1    11763.1 1
   42.8129 1    41.8285 1    3072.53 1
    43.326 1    42.2986 1    12869.9 1
    43.636 1    42.9827 1    9513.47 1
   43.2854 1     42.105 1    3932.11 1
   43.7267 1     42.786 1      23718 1
   43.7834 1    42.7466 1    19185.9 1
   43.1721 1    42.3362 1    3768.07 1
   43.7763 1     42.645 1    43502.5 1
   43.6632 1    42.6564 1      13800 1
   44.1884 1    42.9701 1    16381.7 1
   43.1686 0    42.4781 0    37999.9 1
   43.0235 1    41.9271 1    4844.97 1
   42.8032 1    42.3201 0    22682.5 1
   43.4459 1    42.2884 1    28290.4 1
   42.9935 1    42.5115 0    6025.72 1
   43.4437 1    42.7886 0    47387.1 1
   43.5842 1    42.4499 1    20996.9 1
   43.2029 1    42.0523 1    22999.9 1
   42.7946 0     42.337 0    28138.2 1
   42.5574 0    41.5204 1    9864.99 1
   43.2554 1    42.4333 1    35801.2 1
    43.876 1    42.7537 1    24955.8 1
   42.9632 0    42.4635 0    47788.5 1
   42.2337 1    41.4984 0    4747.73 1
   43.1946 1    42.5225 0    20464.7 1
   43.8991 1    43.0068 1    25605.2 1
   43.4528 1    43.1108 0    15504.5 1
    43.324 1    42.6731 1    41581.5 1
   42.2812 1    40.9927 1    1114.61 1
   43.3835 1    42.4385 1    16119.5 1
   43.2575 1     42.641 1    20157.2 1
   44.0271 1    43.1198 1    25034.3 1
   43.7919 1    42.9808 1    7940.66 1
   43.8624 1    43.0943 1    16410.4 1
   42.9608 1    42.6456 1    35205.1 1
   42.6397 1    41.7176 1    7230.38 1
   43.7266 1    42.7975 1    25292.3 1
    42.745 1    42.0844 0    8364.36 1
   43.5179 1    42.3819 1    17811.2 1
   42.6399 1    42.1637 0    16781.6 1
   42.6323 1    41.9432 0    12682.6 1
   41.9192 0    41.5229 0    4145.84 1
   43.2758 1    42.0383 1    5693.09 1
   43.6597 1    42.4096 1      27633 1
   42.5232 0    41.8799 0    10437.7 1
   43.8011 1    42.5655 1    22859.3 1
   43.7492 1    42.9436 1    13291.6 1
   43.2122 1    42.3087 0    13912.3 1
   43.1512 1    42.2114 1    6681.14 1
   44.2516 1    43.1307 1      24459 1
   42.9705 1    42.1315 0    16386.3 1
   44.0768 1    42.9032 1    16944.4 1
   43.3158 1    42.0473 1    3127.49 1
   43.6972 1    42.7888 1    9341.46 1
   43.8637 1    42.6795 1    19033.3 1
   43.0228 1    42.2112 0    25706.5 1
   43.4404 1    42.3763 1    12228.7 1
   43.8408 1    42.7525 1    43204.6 1
   44.1462 1    43.0596 1    48665.8 1
   43.7412 1    42.5853 1    9375.73 1
   43.2851 1    42.5575 1    13219.8 1
   43.5313 1    42.5252 1     696.96 1
   42.6098 1    41.3004 1    1513.21 1
   43.1754 1    42.2577 1    1482.25 1
   43.4053 1     42.464 1     292.41 1
   42.4075 1    41.3669 1     125.44 1
   42.2642 1    41.4961 1     992.25 1
   42.9692 1    42.1084 1    2584.67 1
   43.8683 1     42.969 1    10143.5 1
   43.3389 1    42.2921 1    4014.91 1
   42.6544 1    42.0452 0    6887.32 1
   43.2711 1    42.2634 1    5554.62 1
    43.365 1    42.4723 1        484 1
   43.4564 1    42.4933 1    4157.13 1
   42.5758 1    41.7702 1     210.25 1
    44.482 1    43.3641 1       5007 1
   43.9969 1    42.9676 1    16720.2 1
   43.7964 1    42.9767 1    5217.35 1
   44.1844 1    43.2606 1    36425.4 1
   42.3291 0    42.4716 0    34463.5 1
   43.2128 1    43.1786 1    23769.4 1
   42.5143 0    41.9835 1    17158.4 1
   43.1462 0    42.6355 0    44588.9 1
   43.4189 1    42.5018 1    3049.82 1
   42.9508 1    41.9294 1    5519.95 1
   42.6769 0    42.2171 0    20607.7 1
   41.7763 0    41.6385 0    4593.64 1
