   42.5292 1     42.001 0    37934.1 1
   42.9242 1    42.1111 0    16119.5 1
   43.3034 1    42.2276 0    26551.4 1
    42.278 0     42.429 0    31168.3 1
   42.7816 0    42.0496 0    7564.34 1
     41.42 0    40.7938 0     213.15 1
    42.857 0     42.422 0    41581.5 1
   43.1151 1    42.2317 0    23602.8 1
   42.8609 0    42.3559 0    25098.7 1
   41.9234 1    41.3185 0    4805.95 1
   42.8167 1    42.0667 1      22147 1
   42.5895 0      42.19 0    43090.3 1
   43.7979 0     43.333 0    29742.3 1
   42.3227 1    41.9273 0    26761.2 1
   42.9969 0    42.2195 0      29586 1
   42.8773 1    42.1023 0    26551.4 1
   42.7015 1    41.7869 0    20930.4 1
   43.1593 1    42.0532 1    14626.4 1
   42.1749 1    41.5661 0      10081 1
   42.9487 1    42.2446 0    34109.2 1
   41.4279 0    41.0137 0    2789.95 1
    41.825 0    41.8219 0    10458.6 1
   42.4013 0    42.2447 0    42521.1 1
    43.524 1    42.3523 1    39022.3 1
   42.6348 0    42.1043 0    18474.2 1
   43.0199 1    42.0519 0    34463.5 1
   42.7255 1    41.4804 1    1959.21 1
   42.9771 1     42.221 0    31197.1 1
   43.0619 1    42.0814 0    26727.1 1
   42.2586 1    41.8659 0    13425.5 1
   42.7978 1    42.2471 1    11908.2 1
   42.9961 1    42.6325 1    41054.6 1
   43.5747 1    43.4612 1    46391.5 1
   43.4014 1    42.7773 1    21009.9 1
   42.9564 0    42.4115 0    3103.11 1
    42.985 1    42.0339 1    28837.3 1
   42.2785 0    41.7982 0    17245.3 1
    43.272 1    42.2093 1    20624.5 1
   42.8969 1    42.1903 0    32539.2 1
   42.0518 1    41.8961 0      11114 1
   41.7783 0    41.3396 0    8425.93 1
   43.5011 0    42.9337 0    8678.65 1
   42.5243 1    41.4239 0    8654.77 1
   42.5706 1    41.9808 0    14872.5 1
   42.4976 1    41.7094 0    11714.9 1
   43.0458 1    42.2282 1    44711.1 1
   42.6679 1    41.5546 0    14590.8 1
   43.3627 1    42.2904 0    26712.4 1
   42.5129 1    42.1749 0      40653 1
   43.7979 1    42.7619 0    31967.6 1
   43.2442 1    42.0414 1     4230.9 1
   42.4952 1    41.4613 1    2895.58 1
   43.1575 1    42.0227 1    11860.7 1
   43.2002 1    42.0921 1    11763.1 1
   42.2854 1    41.3271 1    3072.53 1
    42.801 1    41.8757 0    12869.9 1
   43.4763 1    42.4409 1    9513.47 1
   42.6469 1    41.4037 1    3932.11 1
   43.2502 1    42.3354 0      23718 1
   43.1969 1    42.2292 0    19185.9 1
   42.8085 1    41.8229 0    3768.07 1
   43.1894 1    42.1426 0    43502.5 1
   42.8889 1    42.7612 1    37934.1 1
   43.1498 1    42.0344 1      13800 1
   43.5378 1    42.3029 1    16381.7 1
   42.7107 1    42.2432 0    37999.9 1
    42.545 1    41.5699 0    4844.97 1
   42.2493 1    42.1362 0    22682.5 1
   42.8299 1    41.8687 0    28290.4 1
   42.8668 0    41.8433 0    6025.72 1
   42.7703 1    42.5541 0    47387.1 1
   42.9274 1     42.309 0    20996.9 1
   42.5529 1     42.182 0    22999.9 1
    42.627 0    42.2993 0    28138.2 1
   42.0583 0    41.8518 0    9864.99 1
   42.8721 1    42.3219 0    35801.2 1
   43.3362 1    42.0969 0    24955.8 1
   42.6484 0    42.2411 0    47788.5 1
   41.7936 0    41.2445 0    4747.73 1
   42.9008 1    41.8517 0    20464.7 1
   43.5062 1    42.4933 1    25605.2 1
   43.1342 1    42.0848 0    15504.5 1
   43.0262 1    42.2935 0    41581.5 1
   41.5716 1    40.7745 0    1114.61 1
   42.8991 1    42.0317 1    16119.5 1
   43.0483 1    42.1747 1    20157.2 1
   43.6053 1      42.47 1    25034.3 1
   43.4601 1    42.3584 1    7940.66 1
   43.5257 1     42.532 1    16410.4 1
   42.8716 1    42.2943 1    35205.1 1
   42.2285 1    41.6478 0    7230.38 1
   43.2951 1    42.1683 1    25292.3 1
   42.1615 1     41.539 0    8364.36 1
   42.9766 1    41.8363 0    17811.2 1
     42.07 1    41.8405 0    16781.6 1
   42.0803 1    41.5414 0    12682.6 1
    41.846 1     41.275 0    4145.84 1
    42.662 1    41.6836 0    5693.09 1
   42.9842 1    42.0657 0      27633 1
   42.0937 0    41.6337 0    10437.7 1
   43.1044 1    41.9026 0    22859.3 1
   43.4435 1    42.3161 1    13291.6 1
   42.7731 1    41.9689 0    13912.3 1
    42.765 1    41.6663 0    6681.14 1
   43.6325 1    42.5775 1      24459 1
    42.563 1    41.8022 0    16386.3 1
   43.4648 1    42.1557 1    16944.4 1
   42.6609 1    41.4512 1    3127.49 1
   43.2215 1    42.1473 1    9341.46 1
   43.2178 1    42.0587 1    19033.3 1
   42.3354 1    42.0027 0    25706.5 1
   42.8856 1    41.8572 0    12228.7 1
   43.2692 1    42.3362 0    43204.6 1
   43.5496 1    42.4855 0    48665.8 1
   43.0908 1    41.8619 0    9375.73 1
   43.0048 1    41.9825 1    13219.8 1
   43.0692 1    41.9378 1     696.96 1
   41.9712 1    41.0787 0    1513.21 1
   42.7944 1     41.594 1    1482.25 1
   42.9419 1    41.8285 1     292.41 1
   41.8543 1    40.7465 1     125.44 1
    42.022 1    40.9366 1     992.25 1
    42.548 1    41.5069 1    2584.67 1
    43.475 1    42.2983 1    10143.5 1
   42.8348 1    41.6483 1    4014.91 1
   42.2729 1    41.4347 0    6887.32 1
   42.8209 1    41.6676 0    5554.62 1
   42.5961 1    41.9614 0    25417.5 1
   42.9452 1    41.8528 1        484 1
   42.9315 1    41.8053 1    4157.13 1
   42.3284 1    41.2062 1     210.25 1
   43.7823 1    42.5097 1       5007 1
   43.4979 1    42.3217 1    16720.2 1
   43.4513 1    42.3855 1    5217.35 1
   43.6914 1     42.728 1    36425.4 1
   42.5862 0    42.3021 0    34463.5 1
   43.2101 1    43.1043 1    23769.4 1
   42.3195 1    42.0007 0    17158.4 1
   42.4506 0     42.082 0    44588.9 1
   42.0571 0    41.4791 0    4053.85 1
   43.3105 0    42.3762 0    8890.12 1
   42.9753 1    41.8343 1    3049.82 1
   42.4058 1    41.3334 0    5519.95 1
   41.3669 0    40.8005 0    787.119 1
   42.0428 1    42.0761 0    20607.7 1
   42.6804 1    42.1045 0    11361.7 1
   42.6398 0    42.2697 0    4812.04 1
   41.5401 0    41.0244 0    4593.64 1
   42.7969 0    42.2672 0    23173.9 1
