   42.5084 1    42.5753 0    37934.1 1
     42.93 1    42.6683 0    16119.5 1
   43.3535 0    42.9703 0    26551.4 1
   42.2333 1    42.3953 0      32794 1
   43.2369 1    42.7687 1    44354.6 1
   43.0426 1    42.5436 1    23602.8 1
   42.5678 1    42.0295 1     6561.4 1
   43.0483 1    42.6047 1    39735.6 1
   41.7749 1    41.6403 0    4805.95 1
   42.5706 1    42.5247 0    23745.8 1
   43.1701 0    42.8672 0      22147 1
   42.7137 0    42.6167 0    43471.9 1
    42.659 1    42.4221 0    32797.3 1
   43.6889 1    43.1604 1      16328 1
   42.6941 0    42.5534 0    43090.3 1
   42.3515 1    42.2159 0    26761.2 1
   42.2128 1     42.605 0    35085.4 1
   42.5333 1    42.7976 0      29586 1
   42.6821 0    42.4211 0    29930.4 1
   42.9078 1    42.3295 0    26551.4 1
   42.9292 1    42.3733 1    10886.8 1
   42.6111 1     42.114 1    20930.4 1
    43.185 1     42.671 1    25163.2 1
   43.1654 1    42.6456 1    14626.4 1
   42.1852 1    41.6413 1      10081 1
    42.936 1    42.4845 1    34109.2 1
   41.5556 0    41.4016 0    2789.95 1
   41.9534 0    41.9138 0    10458.6 1
   42.6221 0    42.5384 0    42521.1 1
   42.3445 1    42.4227 0    27593.9 1
   43.5363 1    42.9834 1    39022.3 1
   42.2237 0    42.2319 0    27128.1 1
   42.6183 0    42.5179 0    18474.2 1
   42.9862 1    42.5623 0    34463.5 1
   42.7293 1    42.1494 1    1959.21 1
   42.9917 1    42.4726 1    31197.1 1
   43.0147 1    42.6755 1    26727.1 1
   42.5014 1    42.0978 0    12525.7 1
   43.0056 1    42.7783 1    41054.6 1
    42.639 1    42.0917 1    4311.09 1
   43.2839 1    43.0039 1    21009.9 1
   42.9925 1    42.5069 1    28837.3 1
   42.2633 0    42.1969 0    17245.3 1
   43.2547 1    42.8062 1    20624.5 1
   42.8326 1    42.4803 1    32539.2 1
   42.5435 1    42.0587 1    9561.92 1
   41.9037 1    41.9778 0      11114 1
    41.876 0    41.6625 0    8425.93 1
   42.7427 1    42.2093 1    12.7449 1
   42.6559 1    42.3764 1    13999.8 1
   42.4487 1    41.9927 1    8654.77 1
   42.5033 1    42.0891 1    14872.5 1
   42.8499 1    42.3848 1    20995.6 1
   42.2276 1    41.7506 1    12508.8 1
   43.2618 1    42.7295 1    37934.1 1
   43.3149 1    42.7668 1    42143.9 1
   42.5172 0      42.27 0    10881.2 1
   42.8412 1    42.4756 1    16565.5 1
   42.5109 1    42.0487 1    11714.9 1
   43.0595 1    42.8102 0    44711.1 1
   42.9198 1    42.4368 1        484 1
   42.6618 1    42.2353 1    14590.8 1
   42.5486 1    42.2276 0    6177.67 1
   41.8779 1    41.3993 1    3304.38 1
   42.9259 1    42.4684 1    32009.8 1
   42.8858 1    42.3549 1    1555.36 1
   43.2586 1    42.7761 1    5452.24 1
   43.3834 1    42.9122 1    26712.4 1
   43.4377 1    42.9614 1      45892 1
   43.6941 1    43.2212 1    45583.4 1
   42.5205 1    42.1561 0      40653 1
   43.7585 1    43.2725 1    31967.6 1
   43.2702 1    42.7572 1    12495.9 1
   43.5098 0    43.1916 0      21703 1
   43.3751 1    42.8958 1    12129.6 1
   43.2467 1    42.6989 1     4230.9 1
   42.5088 1    41.9512 1    2895.58 1
   42.9511 1    42.5018 1    15504.5 1
    42.019 1    41.5929 1     2880.1 1
   43.1633 1    42.6932 1    11860.7 1
   41.5005 1    41.6828 0    4990.86 1
   42.8798 1    42.5263 0    9548.06 1
   43.2752 1    42.7808 1    10856.2 1
    41.848 1    41.8108 0    10522.2 1
   43.1864 1    42.6903 1    11763.1 1
   42.3245 1    41.8285 1    3072.53 1
   43.2877 1    42.8271 1    11931.5 1
   42.8042 1    42.2986 1    12869.9 1
   43.3973 1    42.8728 1    22736.8 1
   43.4452 1    42.9827 1    9513.47 1
   43.1023 1    42.6345 1    13353.4 1
   42.6685 1     42.105 1    3932.11 1
   43.4877 1    42.9756 1    13195.3 1
   43.2004 1    42.6943 1    34597.2 1
   42.2171 0    42.0068 0    14738.9 1
   42.8695 1      42.32 1    4987.14 1
   43.2899 1     42.786 1      23718 1
   43.2311 1    42.7466 1    19185.9 1
   42.7813 1    42.2991 1    9024.14 1
   42.9785 1    42.4226 1    7580.47 1
   42.7642 1    42.3362 1    3768.07 1
   43.0982 1     42.645 1    43502.5 1
   43.1563 1    42.6564 1      13800 1
   43.0667 1    42.6173 1    2668.71 1
   42.9115 1    42.3501 1    5404.96 1
   42.3131 1    41.8278 1     650.25 1
   43.5316 1    42.9701 1    16381.7 1
    42.726 1    42.4781 0    37999.9 1
   42.5318 1    41.9271 1    4844.97 1
   42.6832 1    42.1641 1    5379.15 1
   42.8826 1    42.4047 1    2403.58 1
   42.5685 1    42.3086 0    3673.06 1
   43.1502 1    42.7446 0    26520.5 1
   42.2597 1    42.3201 0    22682.5 1
   43.1318 1    42.6039 1    16282.3 1
   43.4438 1    42.8911 1    44872.4 1
   42.8261 1    42.2884 1    28290.4 1
   43.0859 0    42.5115 0    6025.72 1
    42.806 1    42.7886 0    47387.1 1
    42.904 1    42.4499 1    20996.9 1
   42.5625 1    42.0523 1    22999.9 1
   42.5352 1     42.337 0    28138.2 1
   41.9982 1    41.5204 1    9864.99 1
   42.8714 1    42.4333 1    35801.2 1
   43.2525 1    42.7537 1    24955.8 1
   42.7084 0    42.4635 0    47788.5 1
   43.1507 1    42.6334 1    26074.6 1
   42.7143 1    42.3061 1      19789 1
   42.9638 1    42.4097 1    14967.4 1
   42.6479 1    42.1609 1    57.9121 1
   43.5156 1    43.0525 1    5569.04 1
   42.0452 1    41.7783 0    3075.43 1
    41.864 0    41.4984 0    4747.73 1
   42.9066 1    42.4398 1    7293.53 1
   42.8498 1    42.3435 1     6683.3 1
   43.2185 1    42.7349 1    13195.3 1
   43.3322 1    42.8523 1    9789.42 1
    41.993 0    41.5962 0    6722.26 1
   42.5438 1    42.1027 1       5281 1
   42.9128 1    42.5225 0    20464.7 1
   43.5003 1    43.0068 1    25605.2 1
   43.2312 0    43.1108 0    15504.5 1
   43.0606 1    42.6731 1    41581.5 1
   42.8637 1    42.3077 1    5147.16 1
   41.3909 1    40.8348 1    1338.22 1
   41.5737 1    40.9927 1    1114.61 1
   42.7072 1    42.2192 1    17139.6 1
   43.3058 1    42.6886 1    10737.2 1
   42.9687 1    42.4136 1      11883 1
   43.4721 1    42.9836 1    22909.7 1
   42.7884 1    42.4385 1    16119.5 1
   43.0888 1     42.641 1    20157.2 1
   43.6119 1    43.1198 1    25034.3 1
     42.86 1    42.3444 1    10063.2 1
   42.7061 1    42.1312 1    4627.59 1
   43.0774 1    42.5699 1    12779.1 1
    42.812 1    42.3292 1    8619.42 1
   43.4615 1    42.9808 1    7940.66 1
   42.9759 1    42.5455 1    25460.7 1
     43.59 1    43.0713 1    21756.1 1
   43.5253 1    43.0943 1    16410.4 1
   42.9828 1    42.6456 1    35205.1 1
   42.2502 1     41.717 1    3410.75 1
   42.2046 1    41.7176 1    7230.38 1
   43.3035 1    42.7975 1    25292.3 1
   42.3962 1    41.8801 1    2293.79 1
   42.7407 1    42.2432 1    11163.7 1
   42.1723 1    42.0844 0    8364.36 1
   42.9429 1    42.3819 1    17811.2 1
   42.0774 1    42.1637 0    16781.6 1
   42.5928 1    42.0406 1    3422.25 1
   42.0935 1    41.9432 0    12682.6 1
    41.879 1    41.5229 0    4145.84 1
   42.6022 1    42.0383 1    5693.09 1
   42.1549 1    42.3114 0    20680.1 1
   42.9947 1    42.4096 1      27633 1
   41.9747 1    41.8799 0    10437.7 1
   43.1123 1    42.5655 1    22859.3 1
   43.4502 1    42.9436 1    13291.6 1
    42.772 1    42.3087 0    13912.3 1
   42.7701 1    42.2114 1    6681.14 1
   43.6248 1    43.1307 1      24459 1
   43.1512 1    42.7253 1    36293.1 1
   42.4618 1    42.1315 0    16386.3 1
   42.4731 0    42.4072 0    24593.3 1
   43.3903 1    42.9032 1    16944.4 1
   42.6069 1    42.0473 1    3127.49 1
   43.2468 1    42.7888 1    9341.46 1
   43.1871 1    42.6795 1    19033.3 1
   42.3523 1    42.2112 0    25706.5 1
    42.905 1    42.3763 1    12228.7 1
   43.3058 1    42.7525 1    43204.6 1
    43.512 1    43.0596 1    48665.8 1
   41.4804 1    41.0471 1     376.36 1
   42.7666 1    42.2675 1    3924.98 1
   42.4349 1     42.072 0    3462.01 1
   43.6653 1    43.1546 1        324 1
   42.5471 1    42.0067 1    1267.36 1
   43.1102 1    42.5853 1    9375.73 1
   42.5778 1    42.0769 1     566.44 1
   43.0068 1    42.5575 1    13219.8 1
   42.8178 1    42.2931 1     998.56 1
   42.9632 1    42.4555 1    3955.76 1
   43.6482 1    43.1258 1     665.64 1
   42.5494 1     42.072 1    1056.25 1
   43.0484 1    42.5252 1     696.96 1
   42.8987 1    42.3453 1    2124.36 1
   43.0791 1    42.5566 1    2925.72 1
   43.0101 1    42.5827 1    5784.37 1
   41.9218 1    41.3004 1    1513.21 1
   42.3586 1    41.9792 1     292.41 1
   42.7862 1    42.2577 1    1482.25 1
    42.961 1     42.464 1     292.41 1
   42.9351 1    42.3698 1     292.41 1
   41.9995 1    41.4769 1     190.44 1
   41.8714 1    41.3669 1     125.44 1
   42.7469 1    42.2043 1     992.25 1
   42.0035 1    41.4961 1     992.25 1
   42.5725 1    42.1084 1    2584.67 1
   42.5047 1    41.9838 1     282.24 1
   43.0025 1    42.4765 1     2601.1 1
   43.4935 1     42.969 1    10143.5 1
   42.8049 1    42.2921 1    4014.91 1
   43.4379 1    42.9755 1    2005.71 1
   42.1863 1    41.7465 1        196 1
   43.3031 1    42.8071 1     342.25 1
   43.7235 1    43.1711 1    19641.4 1
   43.1767 1    42.6696 1    7218.38 1
    43.002 1     42.507 1    8977.12 1
   42.7565 1     42.212 0    10026.8 1
   42.2842 1    42.0452 0    6887.32 1
   41.1075 1    40.6529 1     272.25 1
    42.837 1    42.3462 1     954.81 1
   42.2674 1    41.7454 1     470.89 1
   42.8111 1    42.2634 1    5554.62 1
   43.3636 1    42.8303 1     5368.2 1
   43.5806 1    43.0696 1    11841.4 1
   42.7986 1    42.3013 1     615.04 1
   43.3556 1    42.8646 1    1892.25 1
   43.6391 1    43.0958 1    12097.3 1
   43.1639 1    42.6116 1     243.36 1
   44.0053 1    43.4587 1    11409.1 1
   42.8666 1    42.3645 1     171.61 1
   43.1346 1    42.6123 1    13401.8 1
   42.9531 1    42.4723 1        484 1
    42.969 1    42.4933 1    4157.13 1
   42.9977 1    42.4665 1    1149.21 1
   42.2964 1    41.7702 1     210.25 1
    42.402 1    41.8872 1     702.25 1
   43.9127 1    43.3641 1       5007 1
    43.394 1    42.8844 1     992.25 1
   43.1762 1    42.6287 1     349.69 1
   43.4785 1    42.9676 1    16720.2 1
   43.3724 1    42.7969 1    5531.06 1
   42.6281 1    42.1123 1    3465.61 1
   43.4521 1    42.9767 1    5217.35 1
   43.6977 1    43.2606 1    36425.4 1
   42.6144 0    42.4716 0    34463.5 1
   43.2211 1    43.1786 1    23769.4 1
   43.4188 1    43.3459 1    44821.8 1
   42.7194 0    42.6924 0    48191.7 1
   42.3332 1    41.9835 1    17158.4 1
     42.63 0    42.6355 0    44588.9 1
   43.0073 1    42.4879 1    5080.59 1
   42.9876 1    42.5018 1    3049.82 1
    42.431 1    41.9294 1    5519.95 1
   43.0107 1    42.5065 1    8025.12 1
   43.3319 1     42.832 1    11905.3 1
   43.0368 1    42.5996 1    16290.3 1
   43.3017 1    42.8341 1    15304.8 1
   43.3076 1    42.8411 1    5435.38 1
   42.6291 1    42.1651 1    5732.97 1
   42.0952 1    42.2171 0    20607.7 1
   43.4637 1    42.8799 1    33343.4 1
   41.7205 0    41.6385 0    4593.64 1
