   42.6059 0    43.6668 1    37934.1 1
   42.5179 0    44.0872 1    16119.5 1
   42.8116 0    44.1516 1    26551.4 1
   42.3406 0     44.277 1    31168.3 1
   42.4713 0    43.5226 1    7564.34 1
    41.168 0    42.0131 1     213.15 1
   42.9185 0    43.7394 1    41581.5 1
   42.7056 1     43.549 1    23602.8 1
   42.1854 0    43.5894 1    25098.7 1
   41.3447 0    42.9456 1    4805.95 1
   42.5477 1    43.8913 1      22147 1
   42.4709 0    43.9516 1    43090.3 1
   43.7116 0    44.0208 1    29742.3 1
   42.0256 0    43.6885 1    26761.2 1
   42.2761 0    43.5154 1      29586 1
   42.3515 0    43.7387 1    26551.4 1
   42.2575 1    44.1266 1    20930.4 1
   42.7244 1    43.4346 1    14626.4 1
   41.6383 1    43.0778 1      10081 1
   42.4711 1     43.994 1    34109.2 1
   41.4026 0    42.7776 1    2789.95 1
   41.6671 0    43.3341 1    10458.6 1
   42.3534 0    44.0879 1    42521.1 1
   42.9607 1     44.166 1    39022.3 1
   42.3391 0    44.0056 1    18474.2 1
   42.4658 1    44.0003 1    34463.5 1
    42.148 1    42.7367 1    1959.21 1
   42.4388 0    43.7522 1    31197.1 1
   42.6875 1    43.8262 1    26727.1 1
   42.2869 0    43.5037 1    13425.5 1
   42.3192 1    43.5013 1    11908.2 1
   42.7749 1    43.7137 1    41054.6 1
   43.5367 1    44.8138 1    46391.5 1
   43.0396 1    44.3765 1    21009.9 1
    42.714 0    43.6043 1    3103.11 1
   42.4943 1    43.6073 1    28837.3 1
   42.0443 0    43.9462 1    17245.3 1
   42.7795 1    44.2386 1    20624.5 1
   42.6047 1    43.9012 1    32539.2 1
   42.0863 0    43.3851 1      11114 1
   41.5341 0     43.297 1    8425.93 1
   43.2707 0     44.082 1    8678.65 1
   41.9188 1    43.1563 1    8654.77 1
   42.2085 0    43.2968 1    14872.5 1
   41.9911 1    43.4007 1    11714.9 1
   42.6976 0    43.9227 1    44711.1 1
   42.2171 1    43.3366 1    14590.8 1
    42.874 1    44.2414 1    26712.4 1
   42.2565 0    44.1595 1      40653 1
   43.3163 0    43.9122 1    31967.6 1
   42.6889 1    43.2254 1     4230.9 1
   41.9401 1    43.2337 1    2895.58 1
   42.6576 1    43.4061 1    11860.7 1
   42.6732 1    43.7225 1    11763.1 1
   41.8418 1     42.731 1    3072.53 1
   42.2925 1     43.341 1    12869.9 1
   43.0035 1    43.6584 1    9513.47 1
   42.1588 1    43.3221 1    3932.11 1
    42.747 1    43.6821 1      23718 1
   42.7851 1     43.823 1    19185.9 1
   42.3357 1    43.2616 1    3768.07 1
   42.6694 1    44.4122 1    43502.5 1
   42.7574 1    44.6148 1    37934.1 1
   42.6204 1    43.7269 1      13800 1
    42.975 1    43.3869 1    16381.7 1
   42.3042 0     43.852 1    37999.9 1
   41.9274 1    44.2268 1    4844.97 1
   42.0886 0    43.6167 1    22682.5 1
   42.3318 0     43.853 1    28290.4 1
   42.3147 0    43.8163 1    6025.72 1
   42.5607 0    44.0172 1    47387.1 1
   42.3586 0    44.2155 1    20996.9 1
   42.0524 1    43.8388 1    22999.9 1
   42.2882 0    43.7159 1    28138.2 1
   42.0296 0    43.3892 1    9864.99 1
   42.4371 0    43.6501 1    35801.2 1
    42.781 1    43.6524 1    24955.8 1
   42.5003 0    44.4686 1    47788.5 1
   41.4756 0    43.2484 1    4747.73 1
   42.4992 0    43.6356 1    20464.7 1
   42.9923 1    43.7662 1    25605.2 1
   42.6714 1    43.4031 1    15504.5 1
   42.7229 1    43.9925 1    41581.5 1
   41.0903 0    42.9277 1    1114.61 1
   42.4354 1    43.4388 1    16119.5 1
   42.5785 1    43.9845 1    20157.2 1
   43.0997 1    43.4693 1    25034.3 1
   42.9683 1    44.1028 1    7940.66 1
   43.0725 1    43.4645 1    16410.4 1
   42.6391 1    44.1442 1    35205.1 1
   41.8893 1    42.9914 1    7230.38 1
   42.7733 1    43.7609 1    25292.3 1
    41.834 0    42.9084 1    8364.36 1
   42.4409 1    43.9231 1    17811.2 1
    42.109 0    43.6713 1    16781.6 1
   41.6723 0    43.4472 1    12682.6 1
   41.4776 0    43.1739 1    4145.84 1
   42.1112 1    42.9583 1    5693.09 1
   42.4154 1    43.6789 1      27633 1
   41.8186 1    43.4518 1    10437.7 1
   42.5509 1    44.4214 1    22859.3 1
   42.9432 1    43.4254 1    13291.6 1
   42.2259 0      43.26 1    13912.3 1
   42.2467 1    43.6864 1    6681.14 1
   43.0987 1     43.718 1      24459 1
   42.1687 0    43.8134 1    16386.3 1
   42.8863 1    43.4287 1    16944.4 1
   42.1145 1    42.9108 1    3127.49 1
    42.713 1    43.7179 1    9341.46 1
    42.768 1    43.7719 1    19033.3 1
   42.1423 0    44.0406 1    25706.5 1
   42.4608 1    43.3126 1    12228.7 1
   42.8054 1    44.7716 1    43204.6 1
   43.1093 1    43.9838 1    48665.8 1
   42.5217 1    43.7297 1    9375.73 1
   42.5508 1    43.4017 1    13219.8 1
   42.5553 1    42.9637 1     696.96 1
   41.3655 1    43.3309 1    1513.21 1
   42.2575 1    43.5077 1    1482.25 1
   42.4397 1    42.1417 1     292.41 1
   41.3583 1    42.9092 1     125.44 1
   41.5132 1    42.5876 1     992.25 1
   42.0899 1    42.8075 1    2584.67 1
    42.949 1    42.9316 1    10143.5 1
   42.3204 1    42.8227 1    4014.91 1
   41.9107 1    43.7186 1    6887.32 1
   42.2717 1    43.7192 1    5554.62 1
   42.2099 0    43.5742 1    25417.5 1
   42.4451 1    42.6522 1        484 1
   42.4251 1    43.4238 1    4157.13 1
   41.8125 1    42.0261 1     210.25 1
    43.213 1    43.6028 1       5007 1
   42.9603 1    44.0031 1    16720.2 1
   42.9608 1     43.579 1    5217.35 1
   43.1905 1    44.1443 1    36425.4 1
   42.3107 0    43.7926 1    34463.5 1
   43.1699 1    44.0417 1    23769.4 1
   41.9617 1    43.8268 1    17158.4 1
   42.5213 0    43.8806 1    44588.9 1
   41.9281 0    43.2587 1    4053.85 1
   42.7859 0     43.686 1    8890.12 1
   42.4667 1    42.5677 1    3049.82 1
   41.9288 1    43.1515 1    5519.95 1
   41.2003 0    42.4097 1    787.119 1
   42.2162 0    43.6027 1    20607.7 1
   42.1242 1    43.8039 1    11361.7 1
   42.5539 0    43.0939 1    4812.04 1
   41.5055 0    43.2491 1    4593.64 1
   42.4432 0    43.7745 1    23173.9 1
