   42.2854 0    43.7853 1      32794 1
   42.1784 1    43.7473 1    44354.6 1
   41.6225 1    43.0808 1     6561.4 1
   42.4284 0    44.0567 1    39735.6 1
   41.9504 0    44.2393 1    23745.8 1
   42.3583 0    44.2626 1    43471.9 1
   42.3861 0    43.6813 1    32797.3 1
    42.588 1    43.8299 1      16328 1
   42.5378 0    43.9076 1    35085.4 1
    42.345 0    43.6692 1    29930.4 1
   41.7781 1    43.5122 1    10886.8 1
   42.0354 1    43.8062 1    25163.2 1
   42.2757 0    43.7158 1    27593.9 1
   42.1906 0    43.6556 1    27128.1 1
   41.9019 0    43.3008 1    12525.7 1
    41.936 0    43.1467 1    4311.09 1
   41.7206 0    43.5295 1    9561.92 1
   41.6449 1    42.3275 1    12.7449 1
   41.9137 0    43.5153 1    13999.8 1
   42.0921 0    43.4056 1    20995.6 1
   41.7475 0    43.1325 1    12508.8 1
   42.1097 0    43.7787 1    37934.1 1
   42.2348 1    43.7646 1    42143.9 1
   41.8986 0    43.4718 1    10881.2 1
   41.9249 0     43.747 1    16565.5 1
   41.8653 1    42.2903 1        484 1
   42.0448 0    43.1983 1    6177.67 1
   41.3017 0    43.6474 1    3304.38 1
    42.319 0    44.0331 1    32009.8 1
   41.7918 0    42.7212 1    1555.36 1
   42.1157 1    43.1698 1    5452.24 1
   42.3741 1    43.9531 1      45892 1
   42.6128 1    43.6345 1    45583.4 1
   42.0055 1    43.1233 1    12495.9 1
   42.5917 0    43.9646 1      21703 1
   42.3233 1    43.9999 1    12129.6 1
   42.0799 0    43.5728 1    15504.5 1
   41.0602 1     42.815 1     2880.1 1
   41.5785 0    43.2644 1    4990.86 1
   42.0563 0    43.4464 1    9548.06 1
   42.1192 1    42.9415 1    10856.2 1
   42.2136 0    44.1285 1    11931.5 1
   42.3112 0    43.6959 1    22736.8 1
   42.2097 0    43.3383 1    13353.4 1
   42.4009 1    43.6009 1    13195.3 1
    42.336 0    43.7549 1    34597.2 1
   41.8401 0    43.3906 1    14738.9 1
   41.6925 1    43.0929 1    4987.14 1
   41.8258 1    43.1111 1    7580.47 1
   42.0667 1    42.6608 1    2668.71 1
   41.7643 1    43.0975 1    5404.96 1
   41.2715 1    42.1911 1     650.25 1
   41.5996 0    43.4393 1    5379.15 1
   41.7869 1    43.3209 1    2403.58 1
   42.1802 0    42.9601 1    3673.06 1
   42.3365 0     43.548 1    26520.5 1
   41.9777 1    43.3912 1    16282.3 1
   42.2644 0    44.1102 1    26074.6 1
     42.15 0    43.7647 1      19789 1
   41.8997 0    43.9355 1    14967.4 1
   41.5911 1    41.1843 1    57.9121 1
   42.5104 1    43.1847 1    5569.04 1
   41.3454 0    42.6742 1    3075.43 1
   41.8714 1    43.5527 1    7293.53 1
   41.6485 0    43.0502 1     6683.3 1
   42.1811 1    43.2124 1    13195.3 1
   42.2097 1    43.5844 1    9789.42 1
   41.6567 0    42.8585 1    6722.26 1
   41.6394 0    43.2185 1       5281 1
   41.6613 1     43.275 1    5147.16 1
    40.976 0    43.5089 1    1338.22 1
   42.0577 0    43.3923 1    17139.6 1
   42.0805 0    43.2339 1    10737.2 1
   41.8758 0    43.3742 1      11883 1
   42.4958 0     43.621 1    22909.7 1
   41.5855 1    42.9672 1    4627.59 1
   41.9099 1    43.3318 1    12779.1 1
   41.6763 0    43.3113 1    8619.42 1
   42.0036 0     43.733 1    25460.7 1
   42.5085 1    43.5273 1    21756.1 1
   41.2749 0    43.3476 1    3410.75 1
   41.3285 1     42.526 1    2293.79 1
   41.7132 1    43.4733 1    11163.7 1
    41.464 1    43.7627 1    3422.25 1
   42.1177 0    43.9052 1    20680.1 1
   42.2457 0    43.5932 1    36293.1 1
   42.1076 0    43.6067 1    24593.3 1
   40.6143 0    42.1246 1     376.36 1
   41.5917 1    42.9425 1    3924.98 1
   41.6486 0    43.1819 1    3462.01 1
   42.5501 1    42.3965 1        324 1
   41.3373 1    43.6858 1    1267.36 1
   41.3882 1    41.9594 1     566.44 1
     41.68 1    42.5083 1     998.56 1
    41.848 1    42.9619 1    3955.76 1
   42.5192 1    42.4209 1     665.64 1
   41.5192 1     43.023 1    1056.25 1
   41.6493 1    43.3429 1    2124.36 1
   41.9356 1    42.9603 1    2925.72 1
   42.0344 1    43.1916 1    5784.37 1
   40.9071 1     41.836 1     190.44 1
   41.5906 1    42.2985 1     992.25 1
    41.403 1    42.9722 1     282.24 1
   41.8985 1    43.7684 1     2601.1 1
   42.4056 1    42.7776 1    2005.71 1
   41.1459 1    41.6831 1        196 1
   42.2028 1    41.3554 1     342.25 1
   42.0138 1    43.2472 1    7218.38 1
   42.0622 1    43.2254 1    8977.12 1
   41.8225 0     44.141 1    10026.8 1
   40.1321 0    41.6571 1     272.25 1
   41.7336 1    42.3423 1     954.81 1
   41.0985 1    43.1341 1     470.89 1
   42.2249 1    43.0923 1     5368.2 1
   42.4628 1    43.3566 1    11841.4 1
   41.6626 1    42.8155 1     615.04 1
   42.2603 1    42.6593 1    1892.25 1
   42.4524 1    43.8023 1    12097.3 1
   41.9693 1    41.7707 1     243.36 1
   42.8144 1    43.9949 1    11409.1 1
   41.7507 1    42.3111 1     171.61 1
   41.9918 1    43.4896 1    13401.8 1
   41.8218 1    43.3725 1    1149.21 1
    42.284 1    42.3854 1     992.25 1
   41.9805 1    42.5297 1     349.69 1
   42.1786 1    43.0009 1    5531.06 1
   41.4221 1    43.5225 1    3465.61 1
   43.2635 1    43.9153 1    44821.8 1
   42.4966 0    43.6722 1    48191.7 1
   41.8183 1    42.9434 1    5080.59 1
    41.889 1    43.2691 1    8025.12 1
   42.0993 0    43.4729 1    16290.3 1
   42.3053 0     43.497 1    15304.8 1
   42.2508 1    43.0977 1    5435.38 1
   41.5527 1    43.1342 1    5732.97 1
   42.2452 1    43.6475 1    33343.4 1
