   43.5353 1    43.1048 1    37934.1 1
   43.4675 1    43.4545 1    16119.5 1
    43.884 1    43.6688 1    26551.4 1
   42.8685 1    42.9295 0    31168.3 1
   42.7364 0    42.6102 0    7564.34 1
   42.1202 1    41.9531 1     213.15 1
   43.6773 1    43.0859 1    41581.5 1
   43.8695 1    43.7136 1    23602.8 1
   43.3735 1    43.0493 0    25098.7 1
   42.3178 1    42.2966 0    4805.95 1
   43.4468 1    42.9966 0      22147 1
   43.2441 0     43.037 0    43090.3 1
   43.1501 1    43.7291 0    29742.3 1
   43.3967 1    42.8935 0    26761.2 1
   43.1164 1    43.1245 0      29586 1
   43.5851 1    43.2082 1    26551.4 1
    43.526 1    43.2035 1    20930.4 1
   44.0545 1    43.8084 1    14626.4 1
   43.2573 1    42.8117 1      10081 1
   43.3643 1    43.1814 1    34109.2 1
   42.0366 0    41.6959 0    2789.95 1
   42.3648 0    42.4979 0    10458.6 1
   43.4564 0    43.0924 0    42521.1 1
   44.5688 1      44.14 1    39022.3 1
   42.9618 1    42.7523 0    18474.2 1
   43.7919 1     43.441 1    34463.5 1
    43.558 1      43.34 1    1959.21 1
   43.0969 1    43.1707 1    31197.1 1
   44.0857 1    43.6218 1    26727.1 1
   43.3267 1     42.839 1    13425.5 1
   43.5016 1    43.3027 1    11908.2 1
   43.4541 1    43.3584 1    41054.6 1
   43.8029 1    43.7444 1    46391.5 1
   44.1697 1    43.8533 1    21009.9 1
   43.5126 1    42.0367 0    3103.11 1
   43.4923 1    43.4576 1    28837.3 1
   42.8453 1    42.5017 0    17245.3 1
   43.8612 1    43.7368 1    20624.5 1
   43.1323 1    43.1151 0    32539.2 1
   42.7692 1    42.5203 0      11114 1
   42.3223 0    42.1237 0    8425.93 1
   43.3041 1    43.0812 0    8678.65 1
   43.4618 1    43.0467 1    8654.77 1
   43.0528 1    42.9563 1    14872.5 1
   43.4094 1    43.0429 1    11714.9 1
   43.5215 1    43.2513 0    44711.1 1
   42.7147 1    42.9294 0    14590.8 1
   43.9252 1    43.8961 1    26712.4 1
   43.3439 1    43.0015 0      40653 1
   44.2324 1    44.1743 1    31967.6 1
   44.1837 1    43.8554 1     4230.9 1
    43.327 1    43.0979 1    2895.58 1
   43.5789 1    43.5849 1    11860.7 1
   44.0772 1     43.628 1    11763.1 1
   42.9308 1    42.8129 1    3072.53 1
   43.4655 1     43.326 1    12869.9 1
   43.5389 1     43.636 1    9513.47 1
   43.2881 1    43.2854 1    3932.11 1
   43.5886 1    43.7267 1      23718 1
   44.0802 1    43.7834 1    19185.9 1
   43.5953 1    43.1721 1    3768.07 1
   44.0753 1    43.7763 1    43502.5 1
   44.0212 1      43.49 1    37934.1 1
   43.8462 1    43.6632 1      13800 1
   44.3364 1    44.1884 1    16381.7 1
   43.2464 1    43.1686 0    37999.9 1
   43.6509 1    43.0235 1    4844.97 1
   42.9952 1    42.8032 1    22682.5 1
   43.9801 1    43.4459 1    28290.4 1
   43.5612 1    42.9935 1    6025.72 1
   43.9059 1    43.4437 1    47387.1 1
    44.015 1    43.5842 1    20996.9 1
   43.6365 1    43.2029 1    22999.9 1
   42.8097 1    42.7946 0    28138.2 1
   42.9957 1    42.5574 0    9864.99 1
   43.4168 1    43.2554 1    35801.2 1
   43.9175 1     43.876 1    24955.8 1
   43.3097 0    42.9632 0    47788.5 1
   42.3525 1    42.2337 1    4747.73 1
   43.1214 1    43.1946 1    20464.7 1
   43.8998 1    43.8991 1    25605.2 1
   43.4368 1    43.4528 1    15504.5 1
   43.3919 1     43.324 1    41581.5 1
   42.8392 1    42.2812 1    1114.61 1
   43.6503 1    43.3835 1    16119.5 1
   43.1329 1    43.2575 1    20157.2 1
   44.0262 1    44.0271 1    25034.3 1
   44.0324 1    43.7919 1    7940.66 1
   43.7794 1    43.8624 1    16410.4 1
   43.0929 1    42.9608 1    35205.1 1
   42.7058 1    42.6397 1    7230.38 1
   43.6749 1    43.7266 1    25292.3 1
   42.9279 1     42.745 1    8364.36 1
   43.8925 1    43.5179 1    17811.2 1
   43.1869 1    42.6399 1    16781.6 1
   43.3039 1    42.6323 1    12682.6 1
   42.2319 0    41.9192 0    4145.84 1
   43.6331 1    43.2758 1    5693.09 1
   44.2689 1    43.6597 1      27633 1
    42.471 0    42.5232 0    10437.7 1
   44.2465 1    43.8011 1    22859.3 1
   43.5711 1    43.7492 1    13291.6 1
    43.445 1    43.2122 1    13912.3 1
   43.5545 1    43.1512 1    6681.14 1
   44.5819 1    44.2516 1      24459 1
   43.4515 1    42.9705 1    16386.3 1
   44.1663 1    44.0768 1    16944.4 1
   43.8357 1    43.3158 1    3127.49 1
   43.8372 1    43.6972 1    9341.46 1
   44.3248 1    43.8637 1    19033.3 1
   43.7728 1    43.0228 1    25706.5 1
   43.4066 1    43.4404 1    12228.7 1
   44.1295 1    43.8408 1    43204.6 1
   44.3048 1    44.1462 1    48665.8 1
   44.0518 1    43.7412 1    9375.73 1
   43.1994 1    43.2851 1    13219.8 1
    43.587 1    43.5313 1     696.96 1
   43.1473 1    42.6098 1    1513.21 1
   43.3658 1    43.1754 1    1482.25 1
   43.3031 1    43.4053 1     292.41 1
   42.6477 1    42.4075 1     125.44 1
   42.2512 1    42.2642 1     992.25 1
   43.3507 1    42.9692 1    2584.67 1
   43.8441 1    43.8683 1    10143.5 1
   43.4724 1    43.3389 1    4014.91 1
   42.8527 1    42.6544 1    6887.32 1
   43.5251 1    43.2711 1    5554.62 1
    43.104 1    42.9839 0    25417.5 1
   43.2548 1     43.365 1        484 1
   43.4855 1    43.4564 1    4157.13 1
    42.544 1    42.5758 1     210.25 1
   44.8989 1     44.482 1       5007 1
   44.0585 1    43.9969 1    16720.2 1
   43.8302 1    43.7964 1    5217.35 1
   44.3852 1    44.1844 1    36425.4 1
    42.652 0    42.3291 0    34463.5 1
   43.2009 1    43.2128 1    23769.4 1
   43.1237 0    42.5143 0    17158.4 1
   43.1218 1    43.1462 0    44588.9 1
   42.5117 1    41.6549 0    4053.85 1
   43.7489 1    43.7258 1    8890.12 1
   43.3613 1    43.4189 1    3049.82 1
   43.0181 1    42.9508 1    5519.95 1
   41.6246 1    41.1876 0    787.119 1
   42.8136 0    42.6769 0    20607.7 1
   43.6288 1    43.4098 1    11361.7 1
   43.3269 1    43.2363 1    4812.04 1
   42.6666 1    41.7763 0    4593.64 1
    43.001 1    43.4324 1    23173.9 1
