   43.5353 1    43.6668 1    37934.1 1
   43.4675 1    44.0872 1    16119.5 1
    43.884 1    44.1516 1    26551.4 1
   42.8685 1     44.277 1    31168.3 1
   42.7364 0    43.5226 1    7564.34 1
   42.1202 1    42.0131 1     213.15 1
    42.604 1     42.769 1    2690.38 1
    43.403 1    43.7853 1      32794 1
    44.049 1    43.7473 1    44354.6 1
   43.6773 1    43.7394 1    41581.5 1
   43.8695 1     43.549 1    23602.8 1
   43.7197 1     43.811 1    25808.1 1
   43.4405 1    43.0808 1     6561.4 1
   43.3735 1    43.5894 1    25098.7 1
   44.0696 1    44.0567 1    39735.6 1
   43.1736 1    43.1781 1    2369.52 1
   42.3178 1    42.9456 1    4805.95 1
   43.3386 1    44.2393 1    23745.8 1
   43.4468 1    43.8913 1      22147 1
   43.2894 1    44.2626 1    43471.9 1
   43.6406 1    43.6813 1    32797.3 1
   43.9772 1     43.668 1    16581.6 1
   44.2879 1    43.8299 1      16328 1
   43.2441 0    43.9516 1    43090.3 1
   43.1501 1    44.0208 1    29742.3 1
   43.3967 1    43.6885 1    26761.2 1
   43.2958 1    43.9076 1    35085.4 1
   43.1164 1    43.5154 1      29586 1
   43.0581 0    43.6692 1    29930.4 1
   43.5851 1    43.7387 1    26551.4 1
   43.8281 1    43.5122 1    10886.8 1
    43.526 1    44.1266 1    20930.4 1
     43.83 1    43.8062 1    25163.2 1
   44.0545 1    43.4346 1    14626.4 1
   43.2573 1    43.0778 1      10081 1
    42.858 0    43.2358 1    15004.6 1
   43.3643 1     43.994 1    34109.2 1
   42.0366 0    42.7776 1    2789.95 1
   42.3648 0    43.3341 1    10458.6 1
   43.4564 0    44.0879 1    42521.1 1
   42.9548 1    43.7158 1    27593.9 1
   44.5688 1     44.166 1    39022.3 1
   43.3894 1    43.6556 1    27128.1 1
   42.9618 1    44.0056 1    18474.2 1
   43.7919 1    44.0003 1    34463.5 1
    43.558 1    42.7367 1    1959.21 1
   43.0969 1    43.7522 1    31197.1 1
   44.0857 1    43.8262 1    26727.1 1
   43.1061 1    43.3008 1    12525.7 1
   42.8704 0    43.1237 1    3888.31 1
   43.3267 1    43.5037 1    13425.5 1
   43.5016 1    43.5013 1    11908.2 1
   43.4541 1    43.7137 1    41054.6 1
   43.5336 1    43.1467 1    4311.09 1
   43.8029 1    44.8138 1    46391.5 1
   44.1697 1    44.3765 1    21009.9 1
   43.5126 1    43.6043 1    3103.11 1
   43.4923 1    43.6073 1    28837.3 1
   42.8453 1    43.9462 1    17245.3 1
   43.8612 1    44.2386 1    20624.5 1
   43.1323 1    43.9012 1    32539.2 1
   43.2537 1    43.5295 1    9561.92 1
   42.7692 1    43.3851 1      11114 1
   42.3223 0     43.297 1    8425.93 1
   43.3041 1     44.082 1    8678.65 1
   43.4192 1    42.3275 1    12.7449 1
   42.5743 1    43.5153 1    13999.8 1
   43.4618 1    43.1563 1    8654.77 1
   43.0528 1    43.2968 1    14872.5 1
   43.0406 1    43.4056 1    20995.6 1
   42.6624 1    43.1325 1    12508.8 1
   43.8281 1    43.7787 1    37934.1 1
    44.391 1    43.7646 1    42143.9 1
   42.5198 1    43.4718 1    10881.2 1
   43.7417 1     43.747 1    16565.5 1
   43.8387 1    43.2555 1       5773 1
   43.4094 1    43.4007 1    11714.9 1
   43.5215 1    43.9227 1    44711.1 1
   43.2777 1    42.2903 1        484 1
   42.7147 1    43.3366 1    14590.8 1
   43.3452 1    43.1983 1    6177.67 1
   43.4689 1    43.6474 1    3304.38 1
   43.0887 0    44.0331 1    32009.8 1
    43.349 1    42.7212 1    1555.36 1
   43.0645 1    43.1698 1    5452.24 1
   43.9252 1    44.2414 1    26712.4 1
    43.195 1    43.9749 1    37102.6 1
   43.9863 1    43.9531 1      45892 1
   44.2371 1    43.6345 1    45583.4 1
   43.3439 1    44.1595 1      40653 1
   44.2324 1    43.9122 1    31967.6 1
   43.9617 1    43.1233 1    12495.9 1
   43.2647 1    43.9646 1      21703 1
   43.6281 1    43.9999 1    12129.6 1
   44.1837 1    43.2254 1     4230.9 1
    43.327 1    43.2337 1    2895.58 1
   43.3563 1    43.5728 1    15504.5 1
   42.9863 1     42.815 1     2880.1 1
   43.5789 1    43.4061 1    11860.7 1
   42.7969 1    43.2644 1    4990.86 1
   42.9844 1    43.4464 1    9548.06 1
    43.525 1    42.9415 1    10856.2 1
   43.7882 1    43.6367 1    25605.2 1
   42.6694 1    43.0579 1    10522.2 1
   44.0772 1    43.7225 1    11763.1 1
   42.9308 1     42.731 1    3072.53 1
   43.5113 1    44.1285 1    11931.5 1
   43.4655 1     43.341 1    12869.9 1
   44.0137 1    43.6959 1    22736.8 1
   43.5389 1    43.6584 1    9513.47 1
   42.8493 1    43.3383 1    13353.4 1
   43.2881 1    43.3221 1    3932.11 1
   44.3914 1    43.6009 1    13195.3 1
   43.1618 1    43.7549 1    34597.2 1
   42.9658 1    43.3906 1    14738.9 1
   43.8926 1    43.0929 1    4987.14 1
   43.5886 1    43.6821 1      23718 1
   44.0802 1     43.823 1    19185.9 1
   43.5685 1    43.7011 1    9024.14 1
   44.1117 1    43.1111 1    7580.47 1
   43.5953 1    43.2616 1    3768.07 1
   44.0753 1    44.4122 1    43502.5 1
   44.0212 1    44.6148 1    37934.1 1
   43.8462 1    43.7269 1      13800 1
   43.5991 1    42.6608 1    2668.71 1
   43.6948 1    43.0975 1    5404.96 1
   42.6844 1    42.1911 1     650.25 1
   44.3364 1    43.3869 1    16381.7 1
   43.2464 1     43.852 1    37999.9 1
   43.6509 1    44.2268 1    4844.97 1
   44.1245 1    43.2197 1    4972.27 1
   43.2142 1    43.4393 1    5379.15 1
    43.722 1    43.3209 1    2403.58 1
    43.334 1    42.9601 1    3673.06 1
   43.7136 1     43.548 1    26520.5 1
   42.9952 1    43.6167 1    22682.5 1
   43.9881 1    43.3912 1    16282.3 1
   44.4791 1    44.0189 1    44872.4 1
   43.9801 1     43.853 1    28290.4 1
   43.5612 1    43.8163 1    6025.72 1
   43.9059 1    44.0172 1    47387.1 1
    44.015 1    44.2155 1    20996.9 1
   43.6365 1    43.8388 1    22999.9 1
   42.8097 1    43.7159 1    28138.2 1
   42.9957 1    43.3892 1    9864.99 1
   43.4168 1    43.6501 1    35801.2 1
   43.9175 1    43.6524 1    24955.8 1
   43.3097 0    44.4686 1    47788.5 1
   43.6992 1    44.1102 1    26074.6 1
   43.0807 1    43.7647 1      19789 1
   44.1765 1    43.9355 1    14967.4 1
   43.0287 1    41.1843 1    57.9121 1
   43.8377 1    43.1847 1    5569.04 1
    42.323 0    42.6742 1    3075.43 1
   42.3525 1    43.2484 1    4747.73 1
   43.3317 1    43.5527 1    7293.53 1
   43.7115 1    43.0502 1     6683.3 1
   43.3116 1    43.2124 1    13195.3 1
   44.0149 1    43.5844 1    9789.42 1
   42.4476 1    42.8585 1    6722.26 1
   42.9611 1    43.2185 1       5281 1
   43.1214 1    43.6356 1    20464.7 1
   43.8998 1    43.7662 1    25605.2 1
   43.4368 1    43.4031 1    15504.5 1
   43.3919 1    43.9925 1    41581.5 1
   44.1302 1     43.275 1    5147.16 1
   43.0003 1    43.5089 1    1338.22 1
   42.8392 1    42.9277 1    1114.61 1
   43.4405 1    43.3923 1    17139.6 1
    44.321 1    43.2339 1    10737.2 1
   43.7571 1    43.3742 1      11883 1
   43.9244 1     43.621 1    22909.7 1
   43.6503 1    43.4388 1    16119.5 1
   43.1329 1    43.9845 1    20157.2 1
   44.2566 1    43.5288 1    3620.23 1
   44.0262 1    43.4693 1    25034.3 1
   43.6562 1     43.471 1    10063.2 1
   43.7828 1    42.9672 1    4627.59 1
   43.6936 1    43.3318 1    12779.1 1
   42.7982 1    43.3113 1    8619.42 1
   44.0324 1    44.1028 1    7940.66 1
   43.1688 1     43.733 1    25460.7 1
   43.9878 1    43.5273 1    21756.1 1
   43.7794 1    43.4645 1    16410.4 1
   43.0929 1    44.1442 1    35205.1 1
   43.4229 1    43.3476 1    3410.75 1
   42.7058 1    42.9914 1    7230.38 1
   43.6749 1    43.7609 1    25292.3 1
   43.4807 1     42.526 1    2293.79 1
   43.6862 1    43.4733 1    11163.7 1
   42.9279 1    42.9084 1    8364.36 1
   43.8925 1    43.9231 1    17811.2 1
   43.1869 1    43.6713 1    16781.6 1
   43.7396 1    43.7627 1    3422.25 1
   43.3039 1    43.4472 1    12682.6 1
   43.2463 1    43.8999 1    4242.31 1
   42.2319 0    43.1739 1    4145.84 1
   43.6331 1    42.9583 1    5693.09 1
   43.1488 1    43.9052 1    20680.1 1
   44.2689 1    43.6789 1      27633 1
    42.471 0    43.4518 1    10437.7 1
   44.2465 1    44.4214 1    22859.3 1
   43.5711 1    43.4254 1    13291.6 1
    43.445 1      43.26 1    13912.3 1
   43.5545 1    43.6864 1    6681.14 1
   44.5819 1     43.718 1      24459 1
   43.4037 1    43.5932 1    36293.1 1
   43.4515 1    43.8134 1    16386.3 1
   42.7601 1    43.6067 1    24593.3 1
   44.1663 1    43.4287 1    16944.4 1
   43.8357 1    42.9108 1    3127.49 1
   43.8372 1    43.7179 1    9341.46 1
   44.3248 1    43.7719 1    19033.3 1
   43.7728 1    44.0406 1    25706.5 1
   43.4066 1    43.3126 1    12228.7 1
   44.1295 1    44.7716 1    43204.6 1
   44.3048 1    43.9838 1    48665.8 1
    42.219 1    42.1246 1     376.36 1
   43.3512 1    42.9425 1    3924.98 1
   43.5676 1    42.6677 1    2228.76 1
   43.0519 1    43.1819 1    3462.01 1
   44.3459 1    42.3965 1        324 1
   43.5251 1    43.6858 1    1267.36 1
   44.0518 1    43.7297 1    9375.73 1
   42.7267 1    41.9594 1     566.44 1
   43.1994 1    43.4017 1    13219.8 1
   43.6862 1    42.5083 1     998.56 1
   43.2131 1    42.9619 1    3955.76 1
   44.3319 1    42.4209 1     665.64 1
   43.1593 1     43.023 1    1056.25 1
    43.587 1    42.9637 1     696.96 1
   43.9042 1    43.3429 1    2124.36 1
   43.4158 1    42.9603 1    2925.72 1
   43.2962 1    43.1916 1    5784.37 1
   43.1473 1    43.3309 1    1513.21 1
    41.978 1    41.6279 1     292.41 1
   43.3658 1    43.5077 1    1482.25 1
   43.2557 1    42.5385 1       1600 1
   43.3031 1    42.1417 1     292.41 1
   43.9175 1    41.9907 1     292.41 1
   42.3054 1     41.836 1     190.44 1
   42.6477 1    42.9092 1     125.44 1
   43.4279 1    42.2985 1     992.25 1
   42.2512 1    42.5876 1     992.25 1
   43.3507 1    42.8075 1    2584.67 1
   43.2335 1    42.9722 1     282.24 1
    43.769 1    43.7684 1     2601.1 1
   43.8441 1    42.9316 1    10143.5 1
   43.4724 1    42.8227 1    4014.91 1
   43.3008 1    42.7776 1    2005.71 1
   41.9878 1    41.6831 1        196 1
    43.046 1    43.8882 1    12041.6 1
   43.5273 1    41.3554 1     342.25 1
   44.4625 1    43.5184 1    19641.4 1
   44.0263 1    43.2472 1    7218.38 1
   43.5104 1    43.2254 1    8977.12 1
   43.2449 1     44.141 1    10026.8 1
   42.8527 1    43.7186 1    6887.32 1
   42.0043 1    41.6571 1     272.25 1
   43.0072 1    42.3423 1     954.81 1
   43.2919 1    43.1341 1     470.89 1
   43.5251 1    43.7192 1    5554.62 1
   44.1749 1    43.0923 1     5368.2 1
   44.0444 1    43.3566 1    11841.4 1
    43.104 1    43.5742 1    25417.5 1
   43.4894 1    42.8155 1     615.04 1
   43.6954 1    42.6593 1    1892.25 1
   44.3986 1    43.8023 1    12097.3 1
    43.869 1    41.7707 1     243.36 1
   45.1936 1    43.9949 1    11409.1 1
    43.227 1    42.3111 1     171.61 1
   44.2488 1    43.4896 1    13401.8 1
   43.2548 1    42.6522 1        484 1
   43.4855 1    43.4238 1    4157.13 1
   43.6257 1    43.3725 1    1149.21 1
    42.544 1    42.0261 1     210.25 1
   43.1777 1      42.09 1     702.25 1
   44.8989 1    43.6028 1       5007 1
   43.8644 1    42.3854 1     992.25 1
   44.0836 1    42.5297 1     349.69 1
   44.0585 1    44.0031 1    16720.2 1
   44.4021 1    43.0009 1    5531.06 1
   42.9652 1    43.5225 1    3465.61 1
   43.8302 1     43.579 1    5217.35 1
   44.3852 1    44.1443 1    36425.4 1
    42.652 0    43.7926 1    34463.5 1
   43.2009 1    44.0417 1    23769.4 1
   43.5135 1    43.9153 1    44821.8 1
   43.3831 1    43.6722 1    48191.7 1
   43.1237 0    43.8268 1    17158.4 1
   43.1218 1    43.8806 1    44588.9 1
   42.5117 1    43.2587 1    4053.85 1
   43.6596 1    42.9434 1    5080.59 1
   43.7489 1     43.686 1    8890.12 1
   43.3613 1    42.5677 1    3049.82 1
   43.0181 1    43.1515 1    5519.95 1
   43.4458 1    42.9815 1    4698.28 1
   43.8922 1    43.2691 1    8025.12 1
   41.6246 1    42.4097 1    787.119 1
   44.0296 1    43.2787 1    11905.3 1
   44.2956 1    43.7254 1    25896.7 1
   43.6309 1    43.4729 1    16290.3 1
   43.9007 1    43.8827 1    33132.7 1
   43.7018 1     43.497 1    15304.8 1
   43.5216 1    43.0977 1    5435.38 1
    43.133 1    43.1342 1    5732.97 1
   42.8136 0    43.6027 1    20607.7 1
   44.5471 1    43.6475 1    33343.4 1
   43.6288 1    43.8039 1    11361.7 1
    42.939 1    43.4757 1    6108.67 1
   43.3269 1    43.0939 1    4812.04 1
   42.6666 1    43.2491 1    4593.64 1
    43.001 1    43.7745 1    23173.9 1
