   43.5353 1    42.5753 0    37934.1 1
   43.4675 1    42.6683 0    16119.5 1
    43.884 1    42.9703 0    26551.4 1
    43.403 1    42.3953 0      32794 1
    44.049 1    42.7687 1    44354.6 1
   43.8695 1    42.5436 1    23602.8 1
   43.4405 1    42.0295 1     6561.4 1
   44.0696 1    42.6047 1    39735.6 1
   42.3178 1    41.6403 0    4805.95 1
   43.3386 1    42.5247 0    23745.8 1
   43.4468 1    42.8672 0      22147 1
   43.2894 1    42.6167 0    43471.9 1
   43.6406 1    42.4221 0    32797.3 1
   44.2879 1    43.1604 1      16328 1
   43.2441 0    42.5534 0    43090.3 1
   43.3967 1    42.2159 0    26761.2 1
   43.2958 1     42.605 0    35085.4 1
   43.1164 1    42.7976 0      29586 1
   43.0581 0    42.4211 0    29930.4 1
   43.5851 1    42.3295 0    26551.4 1
   43.8281 1    42.3733 1    10886.8 1
    43.526 1     42.114 1    20930.4 1
     43.83 1     42.671 1    25163.2 1
   44.0545 1    42.6456 1    14626.4 1
   43.2573 1    41.6413 1      10081 1
   43.3643 1    42.4845 1    34109.2 1
   42.0366 0    41.4016 0    2789.95 1
   42.3648 0    41.9138 0    10458.6 1
   43.4564 0    42.5384 0    42521.1 1
   42.9548 1    42.4227 0    27593.9 1
   44.5688 1    42.9834 1    39022.3 1
   43.3894 1    42.2319 0    27128.1 1
   42.9618 1    42.5179 0    18474.2 1
   43.7919 1    42.5623 0    34463.5 1
    43.558 1    42.1494 1    1959.21 1
   43.0969 1    42.4726 1    31197.1 1
   44.0857 1    42.6755 1    26727.1 1
   43.1061 1    42.0978 0    12525.7 1
   43.4541 1    42.7783 1    41054.6 1
   43.5336 1    42.0917 1    4311.09 1
   44.1697 1    43.0039 1    21009.9 1
   43.4923 1    42.5069 1    28837.3 1
   42.8453 1    42.1969 0    17245.3 1
   43.8612 1    42.8062 1    20624.5 1
   43.1323 1    42.4803 1    32539.2 1
   43.2537 1    42.0587 1    9561.92 1
   42.7692 1    41.9778 0      11114 1
   42.3223 0    41.6625 0    8425.93 1
   43.4192 1    42.2093 1    12.7449 1
   42.5743 1    42.3764 1    13999.8 1
   43.4618 1    41.9927 1    8654.77 1
   43.0528 1    42.0891 1    14872.5 1
   43.0406 1    42.3848 1    20995.6 1
   42.6624 1    41.7506 1    12508.8 1
   43.8281 1    42.7295 1    37934.1 1
    44.391 1    42.7668 1    42143.9 1
   42.5198 1      42.27 0    10881.2 1
   43.7417 1    42.4756 1    16565.5 1
   43.4094 1    42.0487 1    11714.9 1
   43.5215 1    42.8102 0    44711.1 1
   43.2777 1    42.4368 1        484 1
   42.7147 1    42.2353 1    14590.8 1
   43.3452 1    42.2276 0    6177.67 1
   43.4689 1    41.3993 1    3304.38 1
   43.0887 0    42.4684 1    32009.8 1
    43.349 1    42.3549 1    1555.36 1
   43.0645 1    42.7761 1    5452.24 1
   43.9252 1    42.9122 1    26712.4 1
   43.9863 1    42.9614 1      45892 1
   44.2371 1    43.2212 1    45583.4 1
   43.3439 1    42.1561 0      40653 1
   44.2324 1    43.2725 1    31967.6 1
   43.9617 1    42.7572 1    12495.9 1
   43.2647 1    43.1916 0      21703 1
   43.6281 1    42.8958 1    12129.6 1
   44.1837 1    42.6989 1     4230.9 1
    43.327 1    41.9512 1    2895.58 1
   43.3563 1    42.5018 1    15504.5 1
   42.9863 1    41.5929 1     2880.1 1
   43.5789 1    42.6932 1    11860.7 1
   42.7969 1    41.6828 0    4990.86 1
   42.9844 1    42.5263 0    9548.06 1
    43.525 1    42.7808 1    10856.2 1
   42.6694 1    41.8108 0    10522.2 1
   44.0772 1    42.6903 1    11763.1 1
   42.9308 1    41.8285 1    3072.53 1
   43.5113 1    42.8271 1    11931.5 1
   43.4655 1    42.2986 1    12869.9 1
   44.0137 1    42.8728 1    22736.8 1
   43.5389 1    42.9827 1    9513.47 1
   42.8493 1    42.6345 1    13353.4 1
   43.2881 1     42.105 1    3932.11 1
   44.3914 1    42.9756 1    13195.3 1
   43.1618 1    42.6943 1    34597.2 1
   42.9658 1    42.0068 0    14738.9 1
   43.8926 1      42.32 1    4987.14 1
   43.5886 1     42.786 1      23718 1
   44.0802 1    42.7466 1    19185.9 1
   43.5685 1    42.2991 1    9024.14 1
   44.1117 1    42.4226 1    7580.47 1
   43.5953 1    42.3362 1    3768.07 1
   44.0753 1     42.645 1    43502.5 1
   43.8462 1    42.6564 1      13800 1
   43.5991 1    42.6173 1    2668.71 1
   43.6948 1    42.3501 1    5404.96 1
   42.6844 1    41.8278 1     650.25 1
   44.3364 1    42.9701 1    16381.7 1
   43.2464 1    42.4781 0    37999.9 1
   43.6509 1    41.9271 1    4844.97 1
   43.2142 1    42.1641 1    5379.15 1
    43.722 1    42.4047 1    2403.58 1
    43.334 1    42.3086 0    3673.06 1
   43.7136 1    42.7446 0    26520.5 1
   42.9952 1    42.3201 0    22682.5 1
   43.9881 1    42.6039 1    16282.3 1
   44.4791 1    42.8911 1    44872.4 1
   43.9801 1    42.2884 1    28290.4 1
   43.5612 1    42.5115 0    6025.72 1
   43.9059 1    42.7886 0    47387.1 1
    44.015 1    42.4499 1    20996.9 1
   43.6365 1    42.0523 1    22999.9 1
   42.8097 1     42.337 0    28138.2 1
   42.9957 1    41.5204 1    9864.99 1
   43.4168 1    42.4333 1    35801.2 1
   43.9175 1    42.7537 1    24955.8 1
   43.3097 0    42.4635 0    47788.5 1
   43.6992 1    42.6334 1    26074.6 1
   43.0807 1    42.3061 1      19789 1
   44.1765 1    42.4097 1    14967.4 1
   43.0287 1    42.1609 1    57.9121 1
   43.8377 1    43.0525 1    5569.04 1
    42.323 0    41.7783 0    3075.43 1
   42.3525 1    41.4984 0    4747.73 1
   43.3317 1    42.4398 1    7293.53 1
   43.7115 1    42.3435 1     6683.3 1
   43.3116 1    42.7349 1    13195.3 1
   44.0149 1    42.8523 1    9789.42 1
   42.4476 1    41.5962 0    6722.26 1
   42.9611 1    42.1027 1       5281 1
   43.1214 1    42.5225 0    20464.7 1
   43.8998 1    43.0068 1    25605.2 1
   43.4368 1    43.1108 0    15504.5 1
   43.3919 1    42.6731 1    41581.5 1
   44.1302 1    42.3077 1    5147.16 1
   43.0003 1    40.8348 1    1338.22 1
   42.8392 1    40.9927 1    1114.61 1
   43.4405 1    42.2192 1    17139.6 1
    44.321 1    42.6886 1    10737.2 1
   43.7571 1    42.4136 1      11883 1
   43.9244 1    42.9836 1    22909.7 1
   43.6503 1    42.4385 1    16119.5 1
   43.1329 1     42.641 1    20157.2 1
   44.0262 1    43.1198 1    25034.3 1
   43.6562 1    42.3444 1    10063.2 1
   43.7828 1    42.1312 1    4627.59 1
   43.6936 1    42.5699 1    12779.1 1
   42.7982 1    42.3292 1    8619.42 1
   44.0324 1    42.9808 1    7940.66 1
   43.1688 1    42.5455 1    25460.7 1
   43.9878 1    43.0713 1    21756.1 1
   43.7794 1    43.0943 1    16410.4 1
   43.0929 1    42.6456 1    35205.1 1
   43.4229 1     41.717 1    3410.75 1
   42.7058 1    41.7176 1    7230.38 1
   43.6749 1    42.7975 1    25292.3 1
   43.4807 1    41.8801 1    2293.79 1
   43.6862 1    42.2432 1    11163.7 1
   42.9279 1    42.0844 0    8364.36 1
   43.8925 1    42.3819 1    17811.2 1
   43.1869 1    42.1637 0    16781.6 1
   43.7396 1    42.0406 1    3422.25 1
   43.3039 1    41.9432 0    12682.6 1
   42.2319 0    41.5229 0    4145.84 1
   43.6331 1    42.0383 1    5693.09 1
   43.1488 1    42.3114 0    20680.1 1
   44.2689 1    42.4096 1      27633 1
    42.471 0    41.8799 0    10437.7 1
   44.2465 1    42.5655 1    22859.3 1
   43.5711 1    42.9436 1    13291.6 1
    43.445 1    42.3087 0    13912.3 1
   43.5545 1    42.2114 1    6681.14 1
   44.5819 1    43.1307 1      24459 1
   43.4037 1    42.7253 1    36293.1 1
   43.4515 1    42.1315 0    16386.3 1
   42.7601 1    42.4072 0    24593.3 1
   44.1663 1    42.9032 1    16944.4 1
   43.8357 1    42.0473 1    3127.49 1
   43.8372 1    42.7888 1    9341.46 1
   44.3248 1    42.6795 1    19033.3 1
   43.7728 1    42.2112 0    25706.5 1
   43.4066 1    42.3763 1    12228.7 1
   44.1295 1    42.7525 1    43204.6 1
   44.3048 1    43.0596 1    48665.8 1
    42.219 1    41.0471 1     376.36 1
   43.3512 1    42.2675 1    3924.98 1
   43.0519 1     42.072 0    3462.01 1
   44.3459 1    43.1546 1        324 1
   43.5251 1    42.0067 1    1267.36 1
   44.0518 1    42.5853 1    9375.73 1
   42.7267 1    42.0769 1     566.44 1
   43.1994 1    42.5575 1    13219.8 1
   43.6862 1    42.2931 1     998.56 1
   43.2131 1    42.4555 1    3955.76 1
   44.3319 1    43.1258 1     665.64 1
   43.1593 1     42.072 1    1056.25 1
    43.587 1    42.5252 1     696.96 1
   43.9042 1    42.3453 1    2124.36 1
   43.4158 1    42.5566 1    2925.72 1
   43.2962 1    42.5827 1    5784.37 1
   43.1473 1    41.3004 1    1513.21 1
    41.978 1    41.9792 1     292.41 1
   43.3658 1    42.2577 1    1482.25 1
   43.3031 1     42.464 1     292.41 1
   43.9175 1    42.3698 1     292.41 1
   42.3054 1    41.4769 1     190.44 1
   42.6477 1    41.3669 1     125.44 1
   43.4279 1    42.2043 1     992.25 1
   42.2512 1    41.4961 1     992.25 1
   43.3507 1    42.1084 1    2584.67 1
   43.2335 1    41.9838 1     282.24 1
    43.769 1    42.4765 1     2601.1 1
   43.8441 1     42.969 1    10143.5 1
   43.4724 1    42.2921 1    4014.91 1
   43.3008 1    42.9755 1    2005.71 1
   41.9878 1    41.7465 1        196 1
   43.5273 1    42.8071 1     342.25 1
   44.4625 1    43.1711 1    19641.4 1
   44.0263 1    42.6696 1    7218.38 1
   43.5104 1     42.507 1    8977.12 1
   43.2449 1     42.212 0    10026.8 1
   42.8527 1    42.0452 0    6887.32 1
   42.0043 1    40.6529 1     272.25 1
   43.0072 1    42.3462 1     954.81 1
   43.2919 1    41.7454 1     470.89 1
   43.5251 1    42.2634 1    5554.62 1
   44.1749 1    42.8303 1     5368.2 1
   44.0444 1    43.0696 1    11841.4 1
   43.4894 1    42.3013 1     615.04 1
   43.6954 1    42.8646 1    1892.25 1
   44.3986 1    43.0958 1    12097.3 1
    43.869 1    42.6116 1     243.36 1
   45.1936 1    43.4587 1    11409.1 1
    43.227 1    42.3645 1     171.61 1
   44.2488 1    42.6123 1    13401.8 1
   43.2548 1    42.4723 1        484 1
   43.4855 1    42.4933 1    4157.13 1
   43.6257 1    42.4665 1    1149.21 1
    42.544 1    41.7702 1     210.25 1
   43.1777 1    41.8872 1     702.25 1
   44.8989 1    43.3641 1       5007 1
   43.8644 1    42.8844 1     992.25 1
   44.0836 1    42.6287 1     349.69 1
   44.0585 1    42.9676 1    16720.2 1
   44.4021 1    42.7969 1    5531.06 1
   42.9652 1    42.1123 1    3465.61 1
   43.8302 1    42.9767 1    5217.35 1
   44.3852 1    43.2606 1    36425.4 1
    42.652 0    42.4716 0    34463.5 1
   43.2009 1    43.1786 1    23769.4 1
   43.5135 1    43.3459 1    44821.8 1
   43.3831 1    42.6924 0    48191.7 1
   43.1237 0    41.9835 1    17158.4 1
   43.1218 1    42.6355 0    44588.9 1
   43.6596 1    42.4879 1    5080.59 1
   43.3613 1    42.5018 1    3049.82 1
   43.0181 1    41.9294 1    5519.95 1
   43.8922 1    42.5065 1    8025.12 1
   44.0296 1     42.832 1    11905.3 1
   43.6309 1    42.5996 1    16290.3 1
   43.7018 1    42.8341 1    15304.8 1
   43.5216 1    42.8411 1    5435.38 1
    43.133 1    42.1651 1    5732.97 1
   42.8136 0    42.2171 0    20607.7 1
   44.5471 1    42.8799 1    33343.4 1
   42.6666 1    41.6385 0    4593.64 1
